x1 x2 y
16.877569 3.355351 2
8.610890 12.125960 2
15.988446 12.127440 2
17.163584 10.796282 2
18.349380 6.152352 2
20.984823 20.903572 2
12.691703 13.908867 2
12.740224 6.220929 2
18.846355 20.222567 2
16.521002 2.754186 2
10.607424 16.489332 2
9.469901 23.481043 2
10.774662 26.844349 2
10.254398 25.596563 2
11.497568 13.166229 2
9.037722 3.593316 2
14.146081 23.466908 2
20.087353 15.809671 2
18.644085 11.150699 2
9.475530 12.479767 2
12.332362 2.387110 2
13.519282 22.902594 2
10.661661 5.050331 2
17.099504 7.867147 2
11.304325 16.529888 2
10.143028 11.475276 2
15.738016 2.055230 2
15.301294 10.305951 2
15.881123 8.689184 2
16.169819 15.251086 2
8.776750 11.829188 2
9.758833 24.014912 2
14.182921 2.908185 2
11.062962 4.010137 2
20.870949 20.172506 2
10.824802 25.643999 2
15.385372 4.832014 2
19.477894 12.418760 2
16.743937 14.943056 2
10.701170 22.827469 2
16.179373 24.702599 2
18.280317 26.946865 2
8.222373 4.194546 2
20.032400 19.618914 2
19.663523 4.235743 2
17.706915 2.123448 2
20.220282 5.150403 2
13.910130 24.974810 2
15.989140 19.174702 2
10.160958 17.999315 2
17.511929 26.223463 2
9.531090 4.584756 2
18.211737 22.116016 2
18.142860 2.827266 2
9.415745 6.390115 2
18.977644 9.448889 2
18.939404 12.662396 2
12.577536 17.962822 2
17.591139 11.457892 2
15.702947 2.725266 2
16.718645 19.116920 2
8.143861 23.956942 2
16.276230 6.174949 2
12.815061 3.692400 2
19.431021 7.543144 2
15.587201 17.966354 2
18.346430 5.544909 2
20.862207 13.846023 2
11.001300 26.398350 2
15.614587 10.209361 2
20.386156 19.490078 2
16.232248 26.087620 2
9.980406 22.397635 2
15.758770 13.571306 2
14.462700 25.522093 2
18.677919 6.371250 2
20.331463 9.251031 2
20.751844 16.450155 2
14.440338 24.219982 2
11.891278 11.447196 2
10.154035 3.577396 2
19.083742 9.823493 2
12.361520 5.066601 2
20.381411 9.107901 2
10.222123 3.215974 2
20.017466 13.819910 2
20.890192 7.539669 2
9.554041 26.605042 2
16.720041 9.686447 2
20.160446 8.331901 2
19.354343 12.827846 2
11.206981 3.212492 2
14.137994 6.883412 2
19.534981 22.936348 2
14.513888 23.751316 2
13.615463 4.451436 2
10.831414 16.184727 2
13.260915 13.069715 2
8.181907 15.812126 2
17.181906 5.292554 2
12.151212 12.654984 2
12.600968 23.097342 2
10.888138 15.814210 2
20.462931 14.976195 2
9.623943 13.005429 2
12.985814 13.208057 2
12.919254 6.147044 2
11.915689 13.531244 2
15.596197 5.005021 2
13.522503 6.405970 2
9.105347 6.837317 2
20.242504 15.701203 2
12.716930 4.181470 2
19.101929 14.878002 2
9.783453 25.842064 2
19.886362 13.272939 2
13.436456 3.021608 2
13.299367 17.185663 2
10.531693 6.245507 2
13.868000 4.285067 2
8.652564 22.217958 2
15.359014 5.822924 2
16.431561 23.821028 2
19.785872 8.395713 2
8.874922 14.410774 2
12.682424 13.165541 2
18.079983 4.834067 2
12.900905 11.047921 2
12.383960 11.902271 2
8.740069 15.302771 2
10.114020 14.822655 2
18.785250 8.616912 2
15.545514 17.397362 2
15.973567 2.912397 2
13.890244 26.624491 2
9.249652 17.299519 2
11.771358 6.387403 2
15.638770 6.718791 2
20.261843 8.613814 2
17.736555 22.453190 2
19.192860 23.849474 2
8.861945 14.028103 2
18.600409 24.740953 2
11.523459 22.510700 2
17.037933 18.945309 2
10.095937 25.181097 2
17.102291 21.239975 2
18.759291 3.324420 2
16.413645 23.080742 2
15.696616 9.014827 2
17.441727 14.021471 2
13.756125 12.821830 2
20.175598 26.301464 2
16.411936 13.584454 2
13.756373 15.451853 2
20.781178 10.540559 2
9.070812 4.824698 2
14.206049 24.136847 2
18.432610 6.048795 2
16.517988 25.137777 2
14.210515 2.147758 2
9.873216 13.011459 2
16.317743 5.291333 2
13.992053 24.753559 2
11.844931 24.522383 2
17.651093 22.324923 2
18.802603 21.565826 2
9.215759 2.135214 2
19.122528 23.079475 2
19.666222 19.929253 2
11.175978 2.118163 2
16.809170 10.255755 2
19.334410 15.757253 2
15.308461 5.964802 2
17.816082 3.686556 2
11.790972 12.432819 2
20.928831 10.412557 2
19.616196 20.023809 2
10.411284 6.173865 2
19.030972 12.804978 2
16.652617 14.694369 2
15.380073 9.744278 2
9.495475 14.823535 2
14.366511 15.222121 2
17.194855 4.376069 2
17.591373 24.906261 2
18.632217 9.475169 2
17.833143 21.159670 2
11.952259 25.670284 2
14.783881 12.144651 2
20.993204 10.569071 2
8.127660 26.949247 2
17.422575 24.320379 2
8.613400 2.748754 2
15.789335 13.921250 2
16.851324 23.543968 2
8.212205 25.094791 2
9.057285 17.603397 2
10.048077 3.208650 2
8.975510 11.169908 2
14.131273 26.185127 2
16.735912 6.674565 2
14.041012 12.079763 2
13.613099 24.363300 2
11.536540 11.882900 2
17.299635 12.378761 2
10.241300 5.313939 2
20.955980 3.351439 2
18.021999 14.116034 2
16.754656 16.115757 2
13.758124 6.550071 2
19.095631 8.439634 2
11.048025 16.470312 2
15.250446 25.532772 2
16.619743 5.517100 2
15.993793 9.601885 2
13.522017 22.085861 2
16.173016 18.918627 2
18.660732 17.641632 2
10.817830 12.785185 2
20.593315 21.675068 2
15.715344 15.172300 2
18.291578 14.309971 2
11.620655 22.533270 2
14.531079 16.908512 2
16.706924 18.915710 2
14.757228 6.149354 2
17.154490 24.975662 2
17.258034 4.672293 2
16.454119 3.300258 2
9.004572 24.288237 2
20.213354 4.993790 2
14.478730 17.941004 2
20.179138 20.418674 2
20.228125 25.773254 2
15.976716 16.415026 2
16.541859 4.481187 2
9.086419 16.740723 2
19.123280 7.149714 2
15.484100 13.711933 2
18.981724 21.175343 2
17.234177 26.395187 2
17.128761 9.187596 2
20.687721 14.925642 2
18.461931 8.372660 2
16.513308 5.815247 2
20.436363 18.343992 2
9.530821 16.870802 2
18.988626 20.690945 2
20.172739 24.973261 2
18.791063 25.637541 2
20.914736 12.599043 2
14.995675 14.609981 2
19.560003 13.484118 2
9.025639 23.022469 2
17.032051 6.181671 2
8.637753 4.437264 2
13.867517 11.634439 2
18.734982 9.035022 2
17.602205 21.025717 2
8.036385 15.852427 2
19.017927 23.890108 2
13.378508 16.904905 2
18.580252 26.666092 2
20.025339 13.126965 2
13.896248 3.432417 2
17.295889 24.378115 2
19.782423 5.170311 2
20.129366 16.716003 2
14.719727 22.244633 2
19.930550 2.828704 2
17.374319 5.238560 2
19.557316 4.738115 2
18.410797 3.808220 2
16.427744 13.296984 2
12.323290 6.767730 2
15.760466 9.859916 2
20.862497 10.574942 2
11.519907 4.151396 2
18.690868 21.856176 2
14.841529 13.064006 2
18.313131 2.583078 2
12.975504 16.521788 2
13.604863 25.087818 2
14.085988 24.301268 2
17.594343 24.949463 2
18.808407 9.812266 2
13.608485 14.688875 2
17.287027 11.616460 2
11.316702 22.174080 2
14.676656 6.910694 2
8.935680 3.080561 2
19.293554 19.418251 2
15.903088 15.263805 2
10.748537 5.931803 2
19.467615 3.084868 2
13.117008 16.235590 2
17.388729 8.435586 2
17.580290 11.804480 2
19.106924 3.748594 2
14.144018 26.882500 2
17.354942 11.848203 2
12.278296 25.494785 2
13.821612 12.798835 2
19.099421 21.434505 2
8.499491 15.954939 2
14.867406 13.102433 2
19.927856 26.881315 2
15.321824 18.524143 2
17.190062 26.073948 2
12.461548 23.140825 2
9.101773 3.948426 2
17.002588 11.772201 2
19.474556 6.241238 2
19.205347 22.010990 2
8.968733 22.369171 2
17.303247 18.413488 2
11.599394 6.270484 2
18.177893 9.920039 2
12.271010 17.423883 2
18.458069 16.047539 2
16.592291 13.490886 2
19.928703 4.537008 2
18.920517 18.743973 2
9.752752 25.295876 2
8.919802 16.191208 2
10.141048 23.385471 2
16.645245 19.986546 2
11.540346 14.536994 2
12.599310 3.109152 2
16.998333 15.000288 2
20.821796 14.166209 2
10.706749 23.116671 2
15.852452 23.153242 2
17.387482 17.967176 2
16.569256 25.408730 2
13.909061 4.719631 2
13.440210 5.906097 2
13.443332 6.775692 2
18.518641 14.871220 2
17.950464 25.977406 2
20.738352 26.785330 2
11.470117 13.330643 2
19.861025 24.906822 2
13.392415 17.212759 2
11.213719 26.286642 2
9.517885 26.276184 2
15.531136 3.494995 2
10.380708 25.461403 2
20.770128 17.591812 2
12.529587 3.084475 2
9.968457 13.456714 2
12.942270 2.197002 2
12.576509 13.386918 2
10.065173 4.690329 2
20.606300 16.319077 2
20.595039 25.445660 2
14.849754 5.634327 2
12.075813 22.601034 2
18.734728 20.382677 2
17.535389 9.270717 2
15.340947 8.898318 2
15.127565 23.321993 2
20.544550 24.447432 2
10.052997 6.004047 2
17.664770 25.134415 2
20.053246 25.722771 2
11.392793 6.818339 2
12.561081 3.588091 2
11.370297 12.017726 2
12.595305 12.210427 2
8.369104 12.003695 2
13.780184 26.142040 2
19.204531 23.679934 2
16.204451 19.412813 2
15.436449 10.762631 2
15.263999 16.679926 2
11.436689 15.872224 2
11.530451 16.556253 2
16.167274 12.617990 2
9.786758 13.151114 2
12.808142 17.439554 2
11.347815 11.469979 2
18.572872 20.609306 2
12.580430 2.824085 2
18.378481 15.684927 2
15.921490 7.604093 2
9.791198 25.099245 2
16.689781 23.486034 2
19.991522 10.029288 2
19.347895 17.696997 2
18.303623 4.347988 2
18.846476 19.797649 2
18.369482 19.970779 2
13.374245 16.396883 2
20.918238 4.831843 2
14.479179 12.403141 2
15.945542 25.354528 2
18.916553 3.982014 2
14.363506 25.357803 2
17.595072 2.299205 2
19.854782 14.171832 2
9.031466 14.235606 2
18.972342 8.522960 2
17.015491 12.288779 2
12.009878 24.768152 2
16.298492 15.425755 2
20.250353 17.281982 2
11.990372 16.131390 2
15.988863 14.003888 2
10.215365 13.429265 2
14.173189 2.916844 2
12.149629 16.506533 2
18.600174 6.318053 2
14.269215 12.155592 2
17.064533 18.814005 2
15.284660 21.991949 2
13.243041 17.800383 2
10.589101 11.757223 2
8.508099 5.755206 2
13.815327 16.931993 2
8.835831 12.699987 2
19.304413 4.521424 2
20.685280 15.438397 2
16.603060 6.088573 2
20.005047 25.003206 2
20.711868 2.800954 2
14.288762 14.996508 2
14.055359 16.447458 2
16.312906 4.824943 2
11.829643 16.293863 2
14.790171 14.357928 2
19.929230 23.550392 2
10.759515 13.066621 2
13.316835 5.480411 2
17.319826 14.892813 2
17.857082 26.731459 2
17.684231 7.993302 2
19.190573 9.948100 2
20.015968 15.717706 2
15.663551 4.720568 2
13.276145 26.754114 2
18.766962 24.676161 2
8.164706 25.271357 2
18.921108 20.605169 2
13.181366 15.406066 2
18.614697 11.899698 2
19.337017 4.581089 2
12.107955 2.364484 2
16.909807 23.627138 2
14.455645 14.721531 2
10.466894 25.898449 2
12.488152 4.371195 2
10.228409 22.491932 2
19.436232 26.793768 2
20.046150 3.861446 2
15.513260 21.284178 2
16.605658 10.722034 2
18.804651 10.722323 2
16.004646 3.304185 2
19.873047 21.316093 2
8.915089 11.041094 2
20.767632 20.490007 2
14.337607 14.431463 2
15.430800 20.171154 2
20.782688 15.217634 2
13.725641 5.526633 2
17.603678 20.635378 2
16.424953 14.964892 2
14.419746 16.181726 2
15.071414 7.516964 2
13.152007 4.604355 2
15.241745 6.563895 2
16.624378 21.746986 2
12.533810 16.830286 2
16.364113 5.052156 2
16.381491 26.738533 2
10.349417 3.956447 2
20.978491 7.456423 2
12.319175 6.243705 2
19.630362 10.688649 2
13.147733 2.153049 2
13.563818 23.309788 2
14.971459 11.764146 2
18.887949 7.433654 2
9.528465 3.176645 2
8.828105 3.728445 2
12.221209 4.561072 2
16.028782 12.032659 2
9.439491 17.696575 2
9.864217 17.251139 2
20.941048 20.713766 2
15.779188 25.312115 2
14.152861 25.675024 2
8.274550 25.135489 2
12.699958 3.511472 2
12.991454 13.867179 2
19.798393 6.327214 2
10.369768 6.205637 2
18.193726 6.273434 2
19.155001 17.923964 2
18.016121 25.554710 2
17.231199 17.145683 2
9.764835 23.505434 2
16.262733 16.004412 2
19.847759 13.166561 2
20.772129 9.688306 2
17.231590 10.696691 2
19.260534 22.492378 2
19.689569 26.936287 2
12.806689 22.212194 2
19.397373 24.537565 2
11.322771 17.616453 2
20.696894 10.456073 2
10.058097 3.341182 2
12.641684 22.089373 2
10.616521 25.486347 2
12.690311 15.180612 2
15.934607 8.930341 2
18.597692 17.501459 2
14.509520 14.073757 2
11.680504 16.510563 2
12.498525 4.564427 2
15.053439 15.504913 2
10.547941 17.721773 2
13.009843 5.249400 2
12.434164 22.385056 2
15.858052 20.194407 2
17.333021 9.042774 2
12.776920 24.425264 2
13.686881 14.825591 2
18.189579 23.200579 2
20.499865 11.985489 2
10.376343 12.934753 2
14.369372 25.418839 2
17.748348 3.009208 2
16.955961 20.316360 2
19.083401 6.777791 2
13.044416 25.288380 2
16.660610 20.303459 2
19.834484 16.923948 2
9.168283 15.247950 2
9.114877 4.885348 2
10.595543 8.758013 1
2.175174 2.347028 1
7.313161 12.850214 1
1.406949 8.713962 1
4.642320 8.883795 1
7.199631 21.510170 1
2.380359 13.068509 1
1.652500 26.039890 1
10.234116 9.623214 1
12.125200 10.317655 1
9.731698 9.329434 1
7.798402 24.555412 1
3.524438 13.548727 1
4.130503 21.340071 1
5.940651 12.169164 1
2.137381 3.862636 1
2.979326 7.529265 1
4.335108 12.487556 1
10.999114 20.616959 1
3.872427 16.657188 1
10.709201 7.411422 1
13.028535 21.267147 1
7.263740 11.892105 1
1.052452 19.182346 1
1.083232 25.076729 1
12.266535 7.055808 1
2.120444 25.130491 1
1.065639 19.913712 1
10.876626 10.476770 1
9.193732 19.178772 1
6.603750 19.194160 1
7.175516 26.880587 1
3.028911 9.954771 1
4.412559 15.061195 1
9.436805 8.500756 1
7.085709 24.218082 1
2.050585 15.039084 1
3.284328 10.493297 1
6.577184 5.055424 1
6.425084 7.538406 1
7.108160 20.435192 1
1.181469 25.092306 1
1.220138 15.051875 1
5.473128 18.278301 1
4.255135 8.847779 1
2.671594 2.774086 1
5.145133 26.854898 1
12.648993 7.271579 1
1.016484 18.769148 1
12.937980 18.140038 1
6.290499 9.138563 1
10.734661 20.884861 1
3.311411 20.052431 1
8.243087 19.971682 1
7.898859 16.962032 1
1.283003 20.723549 1
3.884925 7.328055 1
8.714347 7.796384 1
5.921424 16.418026 1
11.807773 7.204387 1
2.033703 26.808788 1
3.764769 11.011065 1
2.189847 24.193691 1
3.824132 12.743782 1
4.960412 17.311050 1
4.106728 9.322228 1
1.469063 12.624872 1
12.220147 18.112995 1
13.670443 9.034551 1
6.289994 4.496174 1
7.052019 8.110615 1
7.543685 13.612636 1
1.606481 22.153715 1
7.529156 17.371477 1
9.246125 18.265648 1
4.992345 18.933542 1
1.506176 16.765060 1
3.186894 21.753113 1
4.318685 23.482119 1
2.180869 7.009479 1
3.387575 5.653384 1
7.222827 24.775827 1
4.752328 17.473957 1
3.624889 23.674828 1
1.878306 2.596580 1
4.676017 7.496334 1
4.392142 24.670097 1
3.339890 9.279705 1
13.907692 21.888433 1
3.761639 9.134118 1
1.632989 4.893790 1
3.902442 14.494335 1
4.466013 25.442846 1
1.246025 22.017694 1
11.761107 8.231551 1
1.000938 5.873166 1
9.279675 19.399595 1
1.694327 12.796088 1
5.507505 2.376276 1
3.773671 22.416685 1
1.746932 21.375628 1
1.498036 18.268915 1
9.784146 19.944462 1
13.768189 19.508490 1
4.584367 3.189705 1
3.049571 22.112743 1
10.638716 9.623892 1
11.442373 18.327318 1
2.716621 23.520845 1
1.410167 3.326833 1
5.811933 3.925722 1
1.171372 26.901039 1
5.721430 18.547853 1
14.174933 21.044445 1
2.564818 12.473115 1
13.714235 19.932423 1
6.168264 6.116355 1
1.794340 12.478597 1
2.253479 3.179565 1
3.595809 4.720220 1
6.522398 21.824865 1
6.332397 2.646326 1
7.612931 4.526340 1
14.267873 18.020006 1
2.490596 25.752602 1
1.233614 24.158607 1
3.154766 13.812676 1
13.801969 8.660500 1
4.219631 26.265242 1
1.308877 25.496964 1
3.796282 8.141282 1
3.005528 12.417651 1
9.010723 20.393066 1
3.422863 19.144646 1
2.005265 2.521598 1
6.404171 26.058542 1
7.636916 12.059469 1
3.252959 14.245250 1
1.714929 22.553486 1
3.129920 12.240864 1
2.651539 5.557234 1
3.509498 21.836760 1
3.194654 18.865131 1
3.660625 11.582122 1
4.830214 9.557244 1
3.181740 5.099237 1
5.413457 18.175825 1
5.213831 17.163553 1
6.039481 26.267317 1
12.200466 8.224799 1
6.514321 6.219443 1
6.048607 16.738056 1
5.382721 13.938781 1
7.044496 9.078459 1
12.826243 21.007488 1
1.998659 12.584449 1
4.050356 4.363585 1
1.108698 18.244663 1
2.603312 4.482911 1
1.177541 23.344400 1
10.206188 9.151859 1
13.970211 10.388787 1
1.710386 5.938867 1
3.362528 23.198824 1
13.434388 19.119553 1
7.514229 23.735994 1
4.835438 25.035118 1
4.082829 4.253243 1
11.357119 9.021277 1
3.554854 4.528093 1
5.700946 17.342085 1
10.919548 9.276332 1
7.155264 2.791331 1
3.821024 13.378613 1
2.072265 18.577282 1
7.994258 14.798219 1
3.048689 11.681817 1
2.592841 8.433166 1
7.727023 23.192110 1
6.757904 26.162563 1
10.480995 9.465963 1
4.048268 7.069682 1
5.245373 11.632040 1
10.173092 10.695366 1
9.118345 10.171700 1
7.199218 18.344679 1
2.352157 10.428762 1
10.350586 18.951696 1
3.739244 24.435602 1
3.616843 19.643991 1
2.906816 22.474909 1
13.789167 20.993370 1
5.671145 3.843725 1
3.125437 8.416833 1
3.484725 23.166054 1
2.241332 2.712510 1
8.635243 18.958788 1
6.222033 6.814658 1
5.401079 5.095940 1
6.316367 20.144272 1
7.023377 5.151998 1
2.398128 7.116377 1
2.985702 8.615596 1
1.794950 19.388367 1
7.259791 4.639408 1
4.764021 12.912425 1
1.801741 25.132961 1
2.562695 4.851362 1
12.272349 8.065646 1
1.069162 3.608540 1
4.136026 13.251408 1
11.354294 7.196090 1
6.219259 15.633893 1
4.819671 14.091209 1
10.154312 21.521709 1
5.768899 26.963129 1
5.690289 7.089451 1
1.047355 19.040628 1
2.177210 16.021793 1
3.784426 2.096457 1
1.414161 12.343296 1
13.755419 20.983089 1
2.267856 16.195421 1
5.018937 18.544788 1
1.580790 3.008567 1
10.381000 8.424226 1
6.255692 17.109468 1
7.800513 15.441495 1
11.306655 18.332176 1
12.238818 19.302053 1
5.777466 5.957894 1
4.464562 5.906417 1
2.333234 9.237938 1
13.743222 9.170635 1
4.579034 3.220645 1
2.733428 6.240253 1
13.368936 18.067312 1
12.465213 10.003629 1
5.943357 11.004107 1
11.521239 8.690283 1
14.397429 20.363565 1
3.744632 22.104420 1
6.295851 9.938690 1
8.973951 18.746433 1
2.751296 25.447523 1
6.557847 2.859508 1
1.632127 4.803914 1
3.186743 19.443525 1
13.799576 10.851217 1
3.382226 16.740917 1
7.829647 3.254197 1
12.691357 20.349201 1
4.273136 12.742840 1
6.186903 6.037338 1
1.711413 16.733479 1
9.703131 18.105967 1
7.005491 4.567081 1
9.904693 18.191809 1
7.333059 25.275356 1
8.890426 19.651669 1
4.731444 23.699432 1
5.194637 20.431744 1
10.144793 18.009193 1
14.577569 7.376653 1
12.145829 19.715389 1
3.030149 22.802376 1
6.165137 14.211249 1
6.004206 8.405697 1
4.024600 3.813625 1
2.928082 21.691059 1
7.147329 14.453815 1
5.345991 8.786697 1
3.780016 5.598541 1
6.131668 12.437235 1
1.575140 14.060646 1
3.156966 18.180185 1
6.129770 21.228033 1
1.713329 15.088709 1
6.841262 19.374628 1
3.889359 16.106295 1
5.967901 15.817294 1
2.185955 20.095949 1
1.281682 6.400160 1
7.280863 16.328047 1
5.959246 6.839101 1
12.544183 18.084785 1
4.047796 20.303713 1
6.857711 19.706560 1
3.594748 6.478458 1
14.001532 18.688986 1
4.524213 8.001559 1
1.445458 3.845594 1
3.941243 23.242304 1
1.927304 9.097925 1
6.523809 26.371626 1
5.438351 14.672866 1
5.885544 13.258623 1
1.356710 23.287537 1
11.622890 21.414286 1
12.810352 10.649067 1
1.654702 4.830183 1
7.135436 19.710527 1
1.101524 14.181354 1
14.834907 21.220106 1
4.917957 21.435255 1
1.535685 11.946856 1
6.952439 18.477793 1
1.349132 19.939919 1
5.688825 24.415461 1
8.884775 8.804733 1
9.358942 20.237463 1
2.760754 10.999591 1
4.943233 16.380070 1
9.900664 18.869619 1
10.716991 9.644240 1
10.989629 8.016540 1
3.289181 24.017078 1
5.870554 2.614387 1
7.806412 14.690428 1
3.980812 17.736765 1
9.608026 19.252392 1
6.352146 23.553667 1
7.344124 20.969763 1
3.739122 18.496941 1
11.625077 21.793133 1
3.415133 12.266264 1
5.849550 24.327967 1
13.068222 10.777247 1
5.383098 10.733102 1
3.666527 24.302898 1
12.832931 7.359321 1
6.162233 19.089350 1
4.675307 13.450975 1
3.035632 2.333515 1
6.517679 15.693071 1
3.672745 22.718025 1
2.950370 2.052826 1
7.830794 19.311586 1
10.705131 8.672003 1
6.666425 3.274169 1
2.258937 7.375836 1
3.150344 18.397844 1
1.313985 17.229486 1
6.333315 15.494009 1
5.579363 24.334311 1
7.321826 14.710855 1
5.881390 23.222803 1
11.425216 9.106998 1
5.160248 11.244818 1
2.642449 7.912811 1
6.149378 21.456432 1
2.283426 2.500576 1
13.252797 9.400790 1
3.832051 17.174223 1
5.727500 5.834377 1
4.810029 22.571877 1
7.163131 7.525234 1
9.064750 8.325154 1
2.395106 25.733177 1
1.899820 8.590413 1
14.850845 8.803328 1
1.451896 6.119111 1
10.404230 21.623222 1
9.997239 19.930668 1
4.461293 13.199538 1
6.718920 26.204622 1
6.934134 7.026669 1
8.504140 21.006218 1
5.985347 19.770174 1
3.185693 20.603731 1
1.326011 8.072169 1
10.649813 7.395624 1
8.660268 10.823710 1
6.137850 9.041172 1
6.361674 4.259203 1
6.945769 24.623312 1
6.526871 3.119898 1
12.084551 18.185827 1
7.218888 12.270904 1
2.216725 15.080404 1
7.586833 12.740333 1
7.910019 9.456189 1
4.222656 19.984999 1
2.989257 11.007618 1
3.508664 5.965183 1
13.177657 8.472653 1
13.777143 7.586013 1
6.936605 13.979246 1
11.445793 10.587428 1
3.039063 25.705149 1
2.235211 22.304714 1
3.603301 2.474697 1
5.444494 20.824266 1
14.080573 10.099581 1
12.054752 18.881378 1
9.560641 10.077668 1
13.589594 7.728424 1
4.696663 15.871661 1
5.662378 25.164394 1
2.903890 22.379921 1
10.905931 9.070865 1
2.271825 10.884677 1
4.681324 9.057094 1
4.216488 4.999733 1
5.953705 15.579122 1
5.727196 18.327168 1
11.250707 18.693094 1
14.995743 10.190403 1
12.929607 10.603889 1
6.455072 9.121847 1
2.635654 7.047463 1
14.331132 9.219444 1
12.338065 20.788855 1
2.875753 3.109046 1
12.026042 19.906170 1
3.063424 5.151883 1
5.335772 20.206409 1
4.104037 22.715540 1
3.536104 6.181027 1
2.857168 26.039129 1
12.138108 18.800535 1
4.998763 8.376912 1
4.258247 4.999096 1
4.720571 20.242538 1
1.359954 18.251640 1
6.766523 15.034645 1
11.310637 10.061281 1
4.934372 8.638471 1
4.739013 24.756538 1
5.536229 22.382339 1
7.704455 21.205740 1
4.333988 23.722954 1
3.247424 25.215075 1
3.225513 11.040023 1
3.932822 23.449442 1
7.533599 15.316164 1
5.886540 10.150337 1
5.108486 3.294153 1
4.404422 25.640205 1
14.004448 19.674881 1
2.991186 11.572398 1
6.342688 12.868498 1
7.847033 3.256360 1
4.474083 2.654680 1
2.376271 10.297924 1
6.078903 19.598017 1
8.271966 9.206738 1
1.729777 13.550834 1
10.908160 10.347357 1
6.076103 6.066171 1
6.953817 4.980599 1
1.545675 11.179503 1
1.765297 14.873399 1
4.484438 6.259204 1
2.432794 18.872986 1
7.995620 24.985313 1
2.732400 10.812661 1
17.803755 11.859573 2
16.661983 21.961000 2
19.232946 6.938784 2
6.555494 15.849249 1
8.295689 14.835023 2
20.044594 24.904877 2
4.133582 12.023610 1
11.258648 22.977806 2
13.751045 15.107180 2
10.871660 26.319376 2
6.850336 21.283941 1
11.534900 21.247847 1
6.666295 10.811459 1
4.844277 18.580673 1
5.765599 26.265854 1
19.044161 23.272995 2
11.632129 2.982009 2
6.685868 20.463358 1
9.802091 24.001881 2
17.584023 10.258428 2
8.007204 19.166748 1
14.684370 24.774302 2
3.953200 24.026554 1
13.391930 9.026485 1
9.940672 7.652666 1
4.750662 8.905867 1
12.128875 12.412532 2
10.908881 21.011881 1
20.695032 25.375099 2
14.688900 11.579708 2
15.995418 11.216589 2
6.883207 7.806538 1
12.689770 8.110318 1
4.282039 20.626785 1
2.869610 5.372560 1
11.404201 3.955804 2
12.466373 20.889521 1
2.038776 5.945178 1
20.999870 7.108215 2
18.799112 5.136712 2
12.877844 6.509307 2
4.262630 11.792256 1
12.588600 13.314396 2
14.747749 4.491002 2
11.616160 20.932346 1
7.085903 26.805712 1
12.539422 23.940344 2
15.956186 17.722748 2
1.708418 20.695072 1
18.465427 22.775940 2
20.588682 20.595280 2
19.067327 26.589893 2
4.279360 22.750296 1
18.778975 3.924867 2
13.994140 8.201103 1
15.012399 9.921678 2
7.575541 7.785699 1
2.483219 17.826805 1
6.600840 15.652672 1
10.429669 16.813498 2
9.690266 2.080786 2
17.664865 7.847293 2
7.942317 6.615562 1
13.182117 17.678947 2
15.808769 7.055319 2
19.418287 19.118914 2
14.062607 8.431637 1
11.648819 4.191091 2
6.209939 23.934599 1
14.722499 4.343506 2
16.515345 9.209485 2
7.592842 6.743775 1
20.687263 2.089464 2
17.547823 10.286977 2
16.297428 19.476885 2
8.676639 21.356836 1
18.238342 7.088705 2
16.873137 15.701051 2
10.962879 16.404989 2
10.273243 23.223555 2
4.608425 19.104462 1
15.551006 5.476455 2
13.062177 14.310543 2
17.762672 20.106300 2
4.564150 7.549139 1
10.970510 5.031470 2
7.496140 25.297382 1
19.169693 17.552385 2
10.921488 10.374292 1
8.886543 18.470779 1
7.627716 4.278714 1
9.546554 25.362366 2
12.671406 8.636533 1
17.598782 11.859709 2
18.951204 5.401865 2
16.665640 21.359655 2
6.873561 4.866695 1
18.310696 20.025145 2
1.983249 13.227628 1
20.729342 19.697727 2
5.217658 13.847349 1
7.035262 18.427998 1
2.030166 3.335557 1
12.572697 15.247480 2
13.194582 15.143678 2
5.673124 22.745207 1
2.401804 4.470936 1
10.634667 7.637273 1
7.885019 22.372717 1
5.007047 12.029691 1
5.619919 11.643706 1
11.656920 5.868094 2
8.604293 11.554179 2
6.208897 18.241474 1
12.046328 24.989773 2
14.956964 9.798762 1
13.917781 2.150119 2
11.659197 23.097740 2
4.057516 2.822316 1
2.271212 19.143045 1
15.006023 16.195778 2
1.022510 2.142729 1
7.104776 8.539258 1
14.107362 23.438881 2
4.623224 10.533862 1
14.346810 23.975237 2
14.066099 9.830739 1
18.700283 6.656619 2
4.142784 14.586525 1
17.579145 18.891352 2
12.028859 25.335501 2
19.782583 21.991142 2
17.282776 16.862432 2
19.717035 10.113535 2
18.486189 16.728916 2
16.508429 21.872753 2
18.460426 18.610359 2
11.771130 5.708548 2
15.018207 14.953767 2
17.652182 14.876227 2
13.753127 13.303060 2
3.879640 12.326946 1
12.474424 22.323675 2
12.653645 13.168563 2
10.547228 26.879122 2
2.174465 3.856511 1
5.452047 7.494696 1
9.771236 23.264662 2
7.671385 15.418562 1
19.996407 13.654215 2
18.686356 26.181923 2
16.604479 21.161190 2
12.215690 15.861204 2
10.559218 11.002628 2
14.077598 24.913067 2
18.308670 4.744442 2
8.471117 6.975068 2
13.930404 16.817297 2
1.378215 10.596034 1
18.743940 25.331814 2
10.754414 21.880781 1
10.516113 8.824678 1
19.932810 5.058145 2
18.313580 17.579861 2
15.373326 25.113487 2
4.343307 7.074424 1
3.533385 7.688797 1
19.938494 2.346656 2
10.236956 18.213629 1
13.284534 3.763924 2
5.881374 24.809765 1
17.278072 20.834566 2
18.786869 18.167795 2
16.334023 22.083254 2
14.974260 19.048042 1
16.049574 9.448331 2
17.187414 6.726590 2
12.822212 3.335985 2
3.029083 5.931877 1
5.882972 5.404263 1
12.782372 3.451307 2
17.310980 25.151690 2
15.587954 7.630889 2
6.283438 17.839621 1
11.763506 2.416265 2
5.114284 15.065717 1
9.019707 9.679209 1
14.598075 18.128349 1
9.866777 8.725559 1
15.063725 10.322301 2
5.290480 20.980211 1
1.323550 23.128073 1
18.048223 17.019066 2
7.429551 18.699003 1
11.536604 23.200003 2
2.464713 14.859555 1
18.796253 17.285273 2
7.879189 10.998556 1
17.402924 14.685239 2
2.688220 8.121458 1
15.227097 17.281031 2
10.518947 20.932045 1
16.550100 2.174503 2
12.572251 20.411547 1
15.874541 25.064301 2
6.497931 7.983019 1
16.217239 4.417035 2
20.622171 23.131824 2
10.130284 12.859952 2
2.625301 11.449929 1
7.246870 25.580551 1
8.985998 7.289137 1
7.164937 12.843960 1
2.683693 21.506264 1
11.541499 6.428325 2
8.759923 16.904783 2
11.788268 12.165376 2
17.448517 16.441956 2
16.784874 11.355021 2
17.159185 11.683064 2
17.985432 22.786545 2
15.288633 17.880098 2
14.436815 2.736906 2
16.118910 16.992664 2
17.885626 20.382782 2
4.680506 18.667677 1
18.768658 4.555832 2
4.994477 9.193410 1
3.842371 9.365033 1
18.468275 7.821203 2
14.479921 17.733982 2
16.466019 2.711313 2
16.275276 21.360809 2
6.685786 3.918834 1
4.579733 10.994646 1
9.860853 11.467762 2
13.950445 4.517142 2
17.115780 20.742973 2
12.992889 3.705870 2
18.624634 18.871239 2
10.213033 13.790970 2
6.848635 7.610387 1
10.717315 6.812145 2
18.177320 5.334700 2
6.863430 6.614436 1
1.056556 24.519295 1
6.775032 22.215420 1
14.009814 19.188177 1
4.508262 3.118237 1
20.194328 21.376438 2
3.259286 23.531626 1
11.722291 18.697708 1
10.316695 22.713657 2
17.759718 5.867763 2
14.472963 10.096291 1
7.943926 15.312854 1
15.341832 13.501686 2
11.822792 2.146080 2
6.373685 6.790758 1
11.287034 12.660289 2
7.870401 3.261657 1
2.886398 22.233870 1
4.602727 10.981167 1
9.779809 23.344612 2
14.661967 21.654669 1
8.725973 5.508450 2
13.008109 26.192352 2
3.184668 23.727242 1
4.186488 22.065092 1
10.113808 15.308547 2
15.900165 26.251053 2
20.175070 4.213208 2
18.957663 24.488024 2
16.567812 17.569782 2
2.472757 13.537223 1
9.179561 13.498413 2
13.036538 22.888313 2
2.426440 26.063778 1
10.503277 11.612725 2
19.573553 4.241375 2
17.418512 26.209867 2
4.764961 9.179737 1
13.550356 8.547148 1
18.440569 9.128729 2
20.154186 17.601490 2
17.020477 9.276425 2
8.614240 2.173855 2
14.961925 24.237772 2
4.534007 17.979963 1
3.964605 25.134466 1
5.459559 4.822780 1
10.053623 23.519606 2
18.136515 24.737799 2
8.733386 25.902773 2
4.482715 6.692329 1
8.342369 17.387276 2
11.036707 19.352278 1
13.389395 19.342302 1
11.402365 24.383842 2
5.828298 18.883003 1
15.479505 13.609822 2
16.764627 6.416411 2
7.503542 10.350394 1
3.762275 12.441586 1
16.556555 5.241585 2
1.263229 5.623655 1
11.474907 8.174743 1
5.492865 15.543576 1
18.941107 23.102825 2
5.708702 12.429340 1
2.849875 13.586050 1
19.824858 24.018127 2
5.294817 8.950116 1
7.051603 16.663414 1
16.974117 11.741665 2
13.733127 20.504377 1
18.283884 15.342792 2
12.685762 4.490734 2
20.017706 10.093871 2
19.482082 12.682382 2
16.682844 5.471124 2
15.105999 7.814126 2
17.382032 13.826137 2
11.454578 21.772995 1
12.138154 9.285782 1
5.235718 18.954025 1
19.792986 21.706631 2
7.119750 18.141102 1
7.453895 11.540064 1
18.092960 11.751259 2
19.654324 26.536331 2
19.139288 4.854979 2
6.341664 2.875974 1
13.950954 13.971728 2
2.607681 13.704616 1
14.265031 23.621826 2
7.552520 26.648659 1
5.929513 6.873688 1
15.944611 10.739061 2
15.613531 22.690365 2
8.597489 25.474085 2
3.244107 10.102409 1
14.364490 14.190969 2
8.107375 15.966120 2
15.323989 15.683999 2
15.809010 13.171900 2
1.128512 3.097282 1
15.565913 3.162817 2
20.384195 9.409292 2
4.383534 2.920440 1
8.218279 20.494850 1
13.936809 7.156997 1
2.687803 5.338694 1
20.789656 15.331315 2
8.749327 16.209484 2
2.108213 2.857671 1
16.493185 21.807787 2
1.730321 15.489598 1
12.263221 25.717705 2
15.350249 11.998089 2
10.956936 12.973097 2
6.237668 25.577036 1
2.731924 9.305185 1
15.984601 13.851564 2
11.167388 17.881151 2
12.939043 15.622136 2
4.496600 25.157345 1
20.489975 6.888452 2
12.375080 15.655548 2
11.644367 26.838194 2
2.183266 2.751628 1
9.649032 10.026167 1
13.265082 20.059416 1
12.170474 17.592533 2
16.253574 10.152421 2
1.954835 22.546053 1
8.123239 14.004834 2
3.857776 10.232713 1
5.599676 16.467562 1
13.459756 20.823380 1
3.864483 4.989603 1
15.522885 20.665880 2
10.413481 7.290107 1
12.812988 9.839002 1
16.875069 19.262545 2
9.932893 10.195126 1
19.130150 8.979438 2
8.242293 11.510862 2
15.822599 14.633470 2
11.000372 13.681854 2
5.704904 25.617420 1
19.816740 22.647364 2
17.900099 17.639910 2
8.532617 17.758780 2
20.132221 8.360812 2
16.195425 17.233894 2
4.300304 2.293632 1
16.771809 6.191211 2
13.823763 3.171182 2
14.121968 12.347352 2
2.977152 22.876253 1
10.212930 22.983768 2
12.484274 21.071781 1
3.449782 14.093559 1
2.615905 2.370172 1
5.252901 2.935158 1
6.384787 10.049555 1
19.626759 24.504063 2
1.815119 14.784659 1
9.704316 26.196701 2
12.589877 4.282856 2
19.527287 23.112051 2
13.444281 11.675271 2
3.997642 22.158047 1
14.603402 7.766934 1
5.295948 2.080776 1
19.067871 6.003367 2
14.150434 18.186243 1
4.601926 23.572947 1
20.041393 20.989754 2
20.084642 10.345797 2
4.566278 3.503892 1
13.963335 14.239934 2
19.389629 19.483606 2
10.406496 9.179525 1
17.644497 18.260529 2
4.001977 21.607363 1
9.200225 4.608273 2
20.698547 9.411008 2
19.162172 8.313367 2
4.171741 6.117300 1
14.400481 22.676390 2
20.507607 5.848069 2
20.535957 13.386040 2
1.278098 13.178066 1
2.950875 24.318035 1
8.110158 26.549494 2
9.566170 24.613462 2
1.612673 15.243851 1
5.454587 10.682166 1
5.878101 12.903715 1
13.221868 22.996695 2
13.040607 16.697281 2
6.906187 17.398382 1
1.700277 2.948299 1
19.613068 4.312232 2
13.802251 25.192644 2
17.820799 26.890512 2
19.193710 24.150774 2
6.184740 5.605000 1
2.792180 19.188639 1
1.974770 5.006067 1
15.572770 19.785858 2
19.552462 23.165287 2
7.643641 26.065924 1
15.618551 18.314705 2
16.935762 19.585405 2
14.554201 23.138166 2
17.473179 24.375240 2
4.707297 15.848117 1
2.512497 9.126990 1
3.889646 17.926350 1
10.915343 20.957239 1
13.544370 9.313883 1
12.531059 21.325390 1
3.014190 16.479387 1
3.662004 23.596251 1
8.981246 15.340909 2
11.924968 15.790822 2
16.243427 19.268269 2
4.773737 8.448464 1
3.416678 19.214397 1
4.921816 10.019302 1
7.608724 14.122987 1
1.371117 2.437995 1
5.083713 22.931795 1
16.125282 19.332766 2
9.026501 14.960889 2
8.680827 16.750298 2
16.527481 22.826542 2
15.875755 15.168780 2
11.985221 24.833878 2
19.617498 8.689462 2
3.345413 6.033820 1
14.595767 5.882225 2
3.172152 13.404062 1
20.767012 14.863121 2
1.825521 21.961859 1
16.151411 11.613481 2
9.977616 10.137956 1
2.898459 26.953547 1
3.648004 2.473323 1
6.367021 6.064312 1
14.697860 3.284539 2
18.894217 20.154226 2
17.997120 16.168194 2
8.965793 2.236753 2
13.433879 26.106211 2
19.705915 12.672590 2
9.916730 18.312841 1
17.457636 5.705892 2
5.678876 3.236830 1
6.879815 2.633873 1
12.909685 3.614689 2
2.481154 4.760676 1
4.160305 24.332952 1
14.603593 20.719208 1
5.120942 26.147057 1
5.764497 13.252915 1
19.409590 8.023433 2
4.467456 12.230315 1
5.694225 8.185763 1
11.014131 18.941374 1
2.721033 6.522155 1
7.138046 22.692629 1
2.037378 23.927473 1
12.633644 21.595184 1
2.317011 21.693232 1
5.756918 16.112103 1
4.984000 24.082474 1
14.465387 4.991987 2
11.577842 10.973688 1
2.881454 3.213293 1
12.033622 16.869480 2
15.523733 17.943319 2
14.695970 4.064193 2
3.710891 2.804598 1
11.099120 16.142023 2
17.395758 20.570047 2
3.773347 20.758429 1
7.778570 13.056946 1
6.973969 4.864848 1
12.897754 26.587423 2
19.453169 14.481941 2
14.482576 16.318375 2
4.336741 21.585337 1
7.337685 24.073206 1
9.887583 18.395319 1
7.504122 20.576941 1
16.408134 25.002344 2
15.531492 26.189209 2
6.779131 10.755187 1
11.521224 22.269775 2
3.531579 15.925060 1
17.808189 22.066574 2
11.923436 20.133854 1
3.757479 15.961827 1
15.752228 4.754579 2
6.939603 6.735034 1
14.412041 7.058160 1
13.674676 5.501998 2
6.557460 12.191820 1
12.336021 21.675676 1
10.928604 26.380381 2
7.338901 21.835258 1
4.292332 26.688677 1
12.280833 19.663052 1
18.255573 11.271617 2
10.133393 20.609739 1
4.041247 7.912238 1
16.000542 18.747957 2
11.346812 16.129736 2
12.346049 24.331472 2
10.647006 2.527351 2
4.382183 20.320457 1
5.216129 14.584839 1
16.680435 4.205017 2
12.520959 14.837272 2
5.261880 8.301318 1
1.640082 13.947163 1
12.392007 5.337788 2
13.738102 7.145230 1
18.193747 23.478247 2
14.056620 5.299994 2
10.617623 19.209988 1
12.165736 24.228846 2
8.954944 21.284519 1
12.265256 15.981222 2
10.824275 7.004198 1
16.301163 10.772528 2
7.459194 23.175762 1
6.769365 23.611046 1
9.375702 25.532480 2
8.488262 13.933068 2
18.035725 19.086329 2
8.885202 24.347734 2
2.881546 12.634014 1
3.983970 15.983367 1
1.008112 12.941670 1
8.579321 12.505453 2
16.113859 20.834478 2
18.950817 21.514870 2
9.082715 12.491488 2
9.673749 24.682096 2
14.187744 5.470643 2
6.155568 13.909158 1
13.913859 11.434429 2
15.958843 9.627003 2
11.324058 7.021175 1
8.174548 15.723450 2
7.281087 9.446214 1
14.515009 23.315556 2
5.730621 18.645546 1
8.335656 25.407869 2
2.798273 9.950010 1
15.281825 25.582872 2
14.257607 17.178061 2
3.032595 26.423368 1
15.666363 11.248640 2
12.729823 26.246229 2
1.715349 25.831848 1
13.679761 10.021418 1
19.516371 20.097544 2
20.443880 13.946553 2
18.024080 9.108845 2
7.111191 16.613054 1
12.087427 19.251671 1
17.906492 13.513385 2
2.301270 19.107738 1
2.129216 23.796270 1
10.793118 2.716370 2
2.777271 20.618303 1
11.764094 20.579073 1
13.735657 4.314401 2
9.664595 14.052686 2
12.062229 10.232129 1
5.526284 9.790059 1
18.186571 9.284443 2
20.905968 24.591549 2
20.563347 22.167328 2
19.480364 13.695581 2
17.706957 8.843278 2
18.830177 6.177611 2
6.650941 3.885027 1
17.004780 11.572884 2
6.731545 11.890422 1
17.954096 8.618615 2
5.046199 21.293074 1
15.651357 2.941444 2
1.909082 19.807997 1
20.509684 5.092374 2
6.815988 9.372530 1
14.286325 11.871040 2
10.650509 25.772337 2
5.312762 26.819210 1
1.608523 5.685181 1
6.422044 21.794254 1
16.259367 6.550305 2
12.198001 24.075098 2
4.288096 8.858385 1
14.383540 17.404066 2
19.869171 14.070750 2
4.915065 17.099607 1
10.774807 13.671385 2
2.985151 7.608454 1
18.969425 22.115614 2
4.417144 13.992190 1
9.310522 4.857894 2
15.366000 13.281448 2
17.682983 15.012046 2
20.217369 7.753481 2
2.762603 11.541392 1
12.902030 6.109048 2
14.818336 15.940478 2
16.512825 12.230420 2
11.465426 22.544468 2
18.143187 23.648165 2
1.443409 5.274486 1
20.993034 26.575974 2
8.293892 21.171562 1
5.063915 4.838261 1
7.869271 21.957432 1
8.118328 3.338340 2
9.871942 11.119836 2
19.146193 26.171709 2
15.545241 13.682251 2
8.649132 16.610535 2
7.664332 18.982172 1
17.205326 3.581073 2
7.768520 6.284624 1
4.020495 19.578016 1
19.764950 10.855513 2
3.961540 20.992210 1
18.464554 3.384664 2
19.467278 22.329420 2
6.609336 21.869072 1
8.237629 9.687412 1
1.212342 11.848711 1
18.342535 22.681704 2
14.513188 2.491113 2
11.561574 3.747214 2
3.505502 13.949897 1
6.823453 23.835312 1
14.985297 16.290987 2
4.706458 5.555626 1
5.659013 5.859835 1
10.237798 24.056051 2
6.995504 25.796247 1
19.872011 15.064707 2
6.829506 19.375992 1
4.460711 11.625020 1
10.307787 13.605205 2
1.716954 25.164713 1
8.511280 14.383865 2
8.551933 2.862184 2
1.187048 17.243402 1
13.112740 2.096550 2
17.626457 15.730939 2
11.529006 5.069954 2
18.630419 4.343973 2
4.391843 24.934217 1
3.770785 4.229024 1
13.009508 14.852582 2
8.031144 26.052805 2
12.234237 18.537952 1
13.317986 16.276606 2
16.415476 4.534413 2
12.034429 21.123096 1
9.647276 11.676679 2
16.397236 9.847119 2
5.625069 14.529338 1
7.714246 7.886329 1
18.939425 20.821535 2
20.487953 3.085365 2
6.416051 20.629288 1
3.895823 14.404446 1
11.129422 16.110144 2
20.408346 20.443113 2
2.311586 6.460744 1
17.615274 10.065746 2
5.537327 26.193148 1
15.411748 19.213558 2
15.639139 16.071642 2
9.803133 23.918701 2
8.859310 18.421009 1
8.022172 24.485914 2
5.424922 10.038149 1
15.721830 21.337572 2
15.824577 2.738926 2
2.735910 13.545405 1
15.361988 11.471464 2
7.536088 2.019192 1
16.946741 24.501625 2
7.418257 6.757565 1
2.794784 21.453789 1
2.299538 14.337577 1
10.431572 2.192902 2
20.607527 7.191753 2
12.575479 15.384010 2
5.289234 24.492168 1
11.846050 17.362389 2
13.444232 2.978376 2
5.431024 12.085764 1
19.517567 18.211275 2
4.719738 9.147117 1
2.024154 6.339478 1
18.277819 21.730774 2
7.491827 19.560936 1
10.476091 24.851496 2
10.586308 12.198978 2
2.093494 19.129332 1
20.421160 15.767228 2
9.284815 22.873720 2
6.552274 18.612787 1
13.093079 17.499134 2
15.295317 3.961462 2
12.028294 12.255545 2
20.992611 5.215597 2
11.696951 4.229597 2
16.487143 20.797794 2
12.607279 18.063025 1
7.140650 20.782375 1
10.558861 2.544958 2
14.422708 16.418089 2
15.106948 3.360937 2
7.677143 8.004874 1
7.763986 18.497526 1
19.086514 8.093941 2
3.034706 16.758842 1
17.045237 16.491959 2
4.873578 22.144985 1
19.109035 24.475658 2
18.204739 7.982724 2
19.436735 6.094894 2
13.576792 16.630762 2
17.091921 15.329131 2
17.579762 4.197931 2
12.682640 25.268085 2
14.565419 11.659844 2
11.208035 9.260575 1
1.368182 4.551208 1
11.095917 16.548990 2
17.332911 24.817064 2
2.637470 9.893029 1
17.866234 18.650137 2
5.928892 15.039566 1
2.047985 20.921158 1
17.240112 3.770209 2
13.531453 13.735336 2
10.811617 20.553579 1
6.064398 19.440413 1
12.982381 24.267952 2
15.435936 4.146303 2
13.922251 22.091757 2
10.393515 18.200447 1
9.097284 22.575314 2
12.857667 8.593971 1
11.170599 24.664385 2
13.690555 7.662016 1
19.481941 26.985300 2
12.726066 2.266039 2
1.513338 3.399476 1
7.545650 26.987511 1
9.331773 6.223491 2
11.023554 8.860428 1
1.764575 5.392637 1
11.017955 4.443027 2
2.942662 4.107234 1
19.964220 26.681580 2
18.338448 15.931983 2
12.358418 15.729318 2
11.184095 7.664509 1
6.802080 13.138320 1
6.163923 17.434664 1
16.726522 7.273009 2
9.464186 26.655880 2
9.224601 2.988026 2
11.619036 10.986028 1
15.224434 19.132732 2
9.951270 2.033143 2
6.167366 26.350935 1
12.248281 18.739960 1
1.271169 4.334146 1
12.812656 10.558500 1
15.052895 5.540576 2
3.858975 14.656177 1
18.119358 21.041525 2
9.583638 15.435182 2
1.876348 3.842897 1
10.287065 13.855468 2
13.909271 6.329354 2
11.409030 20.189650 1
12.930082 22.829540 2
11.927851 20.438883 1
3.739497 19.937700 1
2.175862 7.149820 1
4.204968 19.239157 1
7.081005 18.083286 1
9.858614 12.948203 2
13.401506 21.003424 1
4.523586 25.767838 1
10.441987 13.603977 2
4.640270 15.272311 1
14.403037 10.556549 1
5.409174 26.355053 1
7.441395 19.566019 1
7.159418 5.603903 1
4.669992 20.772539 1
11.220770 21.470070 1
2.382275 13.108740 1
10.919458 3.555965 2
16.746946 24.507345 2
14.037351 26.088165 2
18.020147 26.476294 2
13.810834 12.361673 2
4.307370 5.396872 1
13.552325 18.910175 1
8.797759 9.491565 1
19.194162 10.476442 2
9.270310 2.850657 2
16.525080 3.200101 2
19.631016 5.713468 2
20.528152 12.415233 2
20.632750 24.152895 2
16.113340 25.202475 2
15.962630 6.229563 2
15.470388 15.414096 2
17.256430 23.010838 2
20.779444 23.376280 2
15.823340 24.916214 2
18.974173 14.232462 2
5.128424 12.599533 1
13.439807 21.774727 1
4.158988 2.469358 1
16.985800 7.554494 2
7.597831 3.647746 1
5.960656 20.214727 1
7.971096 19.806089 1
5.288442 12.718010 1
10.957164 21.148191 1
4.164284 15.440142 1
10.229246 17.681238 2
10.521236 18.157385 1
18.369503 14.800189 2
7.825233 4.912699 1
1.384346 16.856833 1
12.283981 20.809872 1
15.061920 3.394244 2
7.395679 3.291270 1
16.360268 15.355151 2
3.800668 26.455734 1
19.509943 26.797422 2
6.344975 10.043345 1
14.710785 4.041044 2
14.518301 14.895477 2
12.431777 21.423384 1
9.613237 10.490055 1
19.383511 13.279368 2
8.939890 15.122458 2
16.650654 18.606081 2
17.932642 12.053834 2
6.247414 25.957321 1
8.330312 7.349769 1
14.260989 3.060767 2
9.428834 9.534968 1
18.942722 23.302589 2
13.820019 7.206938 1
14.189045 18.309978 1
17.497059 12.221864 2
2.149935 24.412315 1
2.675881 13.362282 1
9.427818 23.658167 2
3.374690 8.700575 1
6.369600 11.787203 1
12.057938 15.271268 2
15.896830 2.320761 2
20.236862 13.866284 2
5.707770 12.426275 1
14.018486 22.052010 2
8.759737 15.134313 2
2.124465 2.572900 1
18.205925 22.026617 2
4.978903 13.020319 1
7.705747 4.256556 1
5.962499 18.051479 1
16.973665 25.667446 2
5.864850 13.366214 1
17.297800 24.909437 2
8.910645 23.777832 2
14.443560 26.375999 2
2.559358 25.697351 1
3.876354 9.084805 1
19.290438 4.886008 2
16.149990 3.312212 2
6.640314 12.945583 1
12.492364 11.189521 2
18.077099 10.869279 2
11.622475 21.209419 1
19.620472 7.692774 2
5.327494 4.436938 1
3.176563 23.175741 1
20.840191 9.063308 2
18.464338 20.941372 2
8.910600 5.880815 2
4.909564 14.089192 1
12.776096 4.875598 2
17.844513 14.995710 2
7.854698 18.991076 1
12.203935 11.014259 2
13.472022 13.251436 2
19.450100 14.420450 2
5.154247 9.950873 1
7.517178 25.773979 1
17.141338 23.300797 2
19.186571 11.004800 2
13.046286 23.009743 2
4.566278 15.120481 1
7.744154 11.650655 1
16.784334 18.111420 2
4.229649 14.059602 1
15.491241 26.213736 2
7.688319 14.398732 1
9.408575 8.093613 1
18.122826 26.683302 2
20.905973 20.404043 2
4.527578 6.179468 1
18.908703 26.778795 2
11.319420 16.269123 2
10.195504 10.970630 1
4.978650 20.678923 1
3.666277 15.333711 1
5.862124 15.843565 1
11.821492 21.309792 1
17.708183 12.951120 2
4.977750 2.294703 1
13.104470 16.693125 2
9.099113 14.516465 2
5.185557 2.854571 1
10.073460 21.232529 1
6.663496 13.423874 1
2.058530 20.875832 1
5.362610 9.400817 1
8.905603 23.246260 2
16.352303 7.767234 2
8.875546 5.327609 2
5.559043 14.380596 1
3.771602 20.759361 1
19.805426 22.602715 2
12.324817 26.046354 2
18.099457 25.421394 2
